1 0.001 0.001 0.001 0.001 0 0 
0.997454 0.00316525 0.00183805 0.00362296 0.00199104 0.00851792 0.000362336 
0.990286 0.00863464 0.00329575 0.00995823 0.00369621 0.0340578 0.00105499 
0.974245 0.0164536 0.0055664 0.0193166 0.00638289 0.0928833 0.00229323 
0.951433 0.0173617 0.00851959 0.0210474 0.0100063 0.177966 0.00432534 
0.932519 0.0102871 0.0118438 0.0129253 0.0142988 0.24734 0.00735123 
0.921424 0.00424349 0.0155007 0.00547683 0.0192111 0.28282 0.0115259 
0.914769 0.00143926 0.019636 0.00189044 0.024878 0.296478 0.0170198 
0.909368 0.000428272 0.0243461 0.000571514 0.0314101 0.300931 0.0240373 
0.903694 0.000113505 0.0296032 0.00015324 0.0388058 0.302215 0.0327972 
0.897141 2.61785e-05 0.0352442 3.62846e-05 0.0469189 0.302544 0.0435004 
0.889502 5.301e-06 0.0409751 7.42561e-06 0.0554447 0.302617 0.0562914 
0.880753 8.10679e-07 0.0463958 1.26627e-06 0.0639313 0.302632 0.0712198 
0.870991 9.11226e-08 0.0510548 -1.61641e-09 0.0718263 0.302634 0.0882079 
0.860409 6.17482e-09 0.0545291 2.2676e-07 0.0785585 0.302634 0.107036 
0.849279 1.05992e-10 0.0565087 -3.39318e-07 0.0836361 0.302635 0.127349 
0.837915 -4.34929e-12 0.0568577 5.30996e-07 0.0867312 0.302634 0.148688 
0.826641 4.67603e-13 0.0556311 -8.30543e-07 0.0877249 0.302635 0.170539 
0.815753 -8.4888e-14 0.0530451 1.29906e-06 0.0867037 0.302633 0.192382 
0.805493 2.21593e-14 0.0494189 -2.03186e-06 0.0839161 0.302636 0.213743 
0.796032 -7.60312e-15 0.0451075 3.17803e-06 0.0797106 0.302631 0.234222 
0.787473 3.22876e-15 0.0404473 -4.97077e-06 0.0744734 0.302639 0.253512 
0.779857 -1.90787e-16 0.035721 1.2137e-06 0.0685784 0.302633 0.271404 
0.773174 8.06473e-18 0.0311429 -2.01497e-07 0.0623563 0.302635 0.287775 
0.76738 -5.18077e-18 0.0268589 3.15162e-07 0.0560777 0.302634 0.302578 
0.762405 3.63492e-18 0.0229554 -4.92945e-07 0.0499503 0.302635 0.315826 
0.75817 -2.73912e-18 0.019472 7.71017e-07 0.0441222 0.302634 0.327578 
0.754588 2.18722e-18 0.0164145 -1.20595e-06 0.0386906 0.302636 0.33792 
0.751577 -1.83074e-18 0.0137659 1.88623e-06 0.0337114 0.302632 0.346961 
0.749056 1.59221e-18 0.0114956 -2.95026e-06 0.0292082 0.302637 0.354816 
0.746956 -1.42866e-18 0.00956619 4.6145e-06 0.0251811 0.30263 0.361605 
0.74521 2.28953e-19 0.00793771 -1.29179e-06 0.021614 0.302636 0.367445 
0.743763 -1.88283e-20 0.00657087 1.92773e-07 0.0184798 0.302634 0.372448 
0.742567 1.79952e-20 0.00542883 -3.01517e-07 0.015745 0.302635 0.376718 
0.741579 -1.74387e-20 0.00447813 4.71603e-07 0.013373 0.302634 0.380351 
0.740765 1.70916e-20 0.00368908 -7.37635e-07 0.0113264 0.302635 0.383432 
0.740094 -1.69069e-20 0.00303581 1.15374e-06 0.00956876 0.302633 0.386038 
0.739543 1.68511e-20 0.00249602 -1.80456e-06 0.00806534 0.302636 0.388237 
0.739089 -1.68997e-20 0.00205073 2.82252e-06 0.006784 0.302632 0.390089 
0.738717 1.70344e-20 0.00168388 -4.41471e-06 0.00569543 0.302639 0.391645 
0.738412 -3.30988e-21 0.00138199 1.34026e-06 0.00477329 0.302633 0.392951 
0.738161 2.80263e-22 0.00113377 -1.87006e-07 0.00399415 0.302635 0.394044 
0.737955 -2.8542e-22 0.000929833 2.92497e-07 0.00333736 0.302634 0.394958 
0.737786 2.91332e-22 0.000762376 -4.57495e-07 0.00278487 0.302635 0.395721 
0.737648 -2.9792e-22 0.00062494 7.15569e-07 0.00232101 0.302634 0.396358 
0.737535 3.0512e-22 0.000512189 -1.11922e-06 0.00193224 0.302636 0.396888 
0.737442 -3.12883e-22 0.000419718 1.75058e-06 0.00160692 0.302633 0.397329 
0.737366 3.21171e-22 0.000343901 -2.73809e-06 0.00133508 0.302637 0.397696 
0.737303 -3.29954e-22 0.000281752 4.28265e-06 0.00110825 0.30263 0.398 
0.737252 6.9087e-23 0.000230816 -1.37443e-06 0.000919195 0.302636 0.398253 
0.737211 -5.63973e-24 0.000189076 1.8278e-07 0.000761807 0.302634 0.398463 
0.737176 5.80382e-24 0.000154875 -2.85886e-07 0.000630918 0.302635 0.398636 
0.737148 -5.97493e-24 0.000126855 4.47155e-07 0.000522171 0.302634 0.39878 
0.737125 6.15297e-24 0.000103901 -6.99396e-07 0.000431901 0.302635 0.398899 
0.737106 -6.33791e-24 8.5098e-05 1.09393e-06 0.00035703 0.302633 0.398997 
0.737091 6.52976e-24 6.96959e-05 -1.71101e-06 0.000294979 0.302636 0.399078 
0.737078 -6.72855e-24 5.70804e-05 2.6762e-06 0.000243589 0.302632 0.399145 
0.737068 6.93435e-24 4.67476e-05 -4.18586e-06 0.000201058 0.302639 0.399201 
0.737059 -1.52018e-24 3.82847e-05 1.40066e-06 0.000165879 0.302633 0.399247 
0.737053 1.19349e-25 3.13536e-05 -1.79446e-07 0.000136798 0.302635 0.399284 
0.737047 -1.23034e-25 2.56771e-05 2.80672e-07 0.000112772 0.302634 0.399315 
0.737042 1.26841e-25 2.10281e-05 -4.39e-07 9.29321e-05 0.302635 0.399341 
0.737038 -1.30772e-25 1.72208e-05 6.86641e-07 7.65561e-05 0.302634 0.399362 
0.737035 1.34831e-25 1.41027e-05 -1.07398e-06 6.30455e-05 0.302635 0.39938 
0.737033 -1.3902e-25 1.15492e-05 1.67981e-06 5.19035e-05 0.302633 0.399394 
0.737031 1.43344e-25 9.45797e-06 -2.62739e-06 4.27184e-05 0.302637 0.399406 
0.737029 -1.47805e-25 7.74539e-06 4.10951e-06 3.51493e-05 0.30263 0.399415 
0.737027 3.35591e-26 6.34291e-06 -1.4221e-06 2.8914e-05 0.302636 0.399423 
0.737026 -2.546e-27 5.19436e-06 1.76664e-07 2.37792e-05 0.302634 0.39943 
0.737025 2.62536e-27 4.25379e-06 -2.7632e-07 1.95518e-05 0.302635 0.399435 
0.737025 -2.70723e-27 3.48352e-06 4.32193e-07 1.60726e-05 0.302634 0.39944 
0.737024 2.79167e-27 2.85273e-06 -6.75994e-07 1.32098e-05 0.302635 0.399443 
0.737023 -2.87876e-27 2.33616e-06 1.05732e-06 1.08549e-05 0.302633 0.399446 
0.737023 2.96859e-27 1.91313e-06 -1.65376e-06 8.91822e-06 0.302636 0.399449 
0.737023 -3.06123e-27 1.5667e-06 2.58665e-06 7.32582e-06 0.302632 0.399451 
0.737022 3.15678e-27 1.283e-06 -4.04579e-06 6.01679e-06 0.302638 0.399453 
0.737022 -7.38132e-28 1.05068e-06 1.44054e-06 4.94093e-06 0.302633 0.399454 
0.737022 4.73584e-29 8.60418e-07 -1.54527e-07 4.05686e-06 0.302635 0.399455 
0.737022 -4.88369e-29 7.04613e-07 2.41696e-07 3.33052e-06 0.302634 0.399456 
0.737022 5.03617e-29 5.77021e-07 -3.78038e-07 2.73388e-06 0.302635 0.399457 
0.737022 -5.19342e-29 4.72533e-07 5.9129e-07 2.24385e-06 0.302634 0.399457 
0.737022 5.35558e-29 3.86966e-07 -9.24838e-07 1.84145e-06 0.302635 0.399458 
0.737021 -5.52281e-29 3.16894e-07 1.44654e-06 1.51104e-06 0.302633 0.399458 
0.737021 5.69527e-29 2.5951e-07 -2.26254e-06 1.23979e-06 0.302637 0.399459 
0.737021 -5.87311e-29 2.12518e-07 3.53884e-06 1.01714e-06 0.302631 0.399459 
0.737021 1.76182e-29 1.74034e-07 -1.60794e-06 8.34395e-07 0.302636 0.399459 
0.737021 2.57915e-32 1.4252e-07 2.13844e-08 6.84423e-07 0.302634 0.399459 
0.737021 -2.65969e-32 1.16712e-07 -3.34474e-08 5.6136e-07 0.302634 0.399459 
0.737021 2.74275e-32 9.55778e-08 5.23152e-08 4.60388e-07 0.302634 0.39946 
0.737021 -2.82841e-32 7.82704e-08 -8.18263e-08 3.7755e-07 0.302634 0.39946 
0.737021 2.91673e-32 6.4097e-08 1.27985e-07 3.09595e-07 0.302634 0.39946 
0.737021 -3.00782e-32 5.24902e-08 -2.00181e-07 2.53854e-07 0.302635 0.39946 
0.737021 3.10175e-32 4.29852e-08 3.13104e-07 2.08136e-07 0.302634 0.39946 
0.737021 -3.19862e-32 3.52013e-08 -4.89727e-07 1.70642e-07 0.302635 0.39946 
0.737021 3.29851e-32 2.8827e-08 7.65983e-07 1.39893e-07 0.302634 0.39946 
0.737021 -3.40152e-32 2.3607e-08 -1.19808e-06 1.14679e-07 0.302636 0.39946 
0.737021 3.50775e-32 1.93322e-08 1.87391e-06 9.4005e-08 0.302633 0.39946 
0.737021 -3.6173e-32 1.58315e-08 -2.93099e-06 7.70541e-08 0.302637 0.39946 
0.737021 3.73026e-32 1.29647e-08 4.58438e-06 6.31569e-08 0.30263 0.39946 
0.737021 -6.8867e-33 1.0617e-08 -1.29887e-06 5.17638e-08 0.302636 0.39946 
