1 0.001 0.001 0.001 0.001 0 0 
0.97456 0.0906637 0.00179466 0.10519 0.00194909 0.0120214 0.000360649 
0.631413 0.323398 0.00187779 0.589131 0.00230395 0.2126 0.000925015 
0.40269 0.0896573 0.00128353 0.437283 0.00191786 0.475376 0.00145448 
0.346295 0.0202027 0.000847554 0.27683 0.00154446 0.651609 0.00188604 
0.333669 0.00443146 0.000557178 0.17023 0.0012333 0.761355 0.00223197 
0.330846 0.000966543 0.000365965 0.103747 0.000980117 0.828511 0.00250753 
0.33019 0.000210192 0.000240326 0.0630335 0.000776146 0.86937 0.00272613 
0.330021 4.52256e-05 0.000157812 0.0382551 0.000612879 0.89418 0.00289899 
0.329967 9.8236e-06 0.000103628 0.0232079 0.000482835 0.909234 0.00303533 
0.329944 2.06026e-06 6.80468e-05 0.0140771 0.00037966 0.918367 0.00314264 
0.329932 4.32086e-07 4.46825e-05 0.00853825 0.000298061 0.923906 0.00322696 
0.329924 9.06179e-08 2.93405e-05 0.00517865 0.000233694 0.927265 0.00329311 
0.329919 1.90045e-08 1.92662e-05 0.00314095 0.000183028 0.929303 0.00334494 
0.329916 3.98562e-09 1.2651e-05 0.00190505 0.000143217 0.930539 0.00338552 
0.329914 8.35862e-10 8.30718e-06 0.00115545 0.00011198 0.931289 0.00341726 
0.329913 1.75296e-10 5.45485e-06 0.000700799 8.75008e-05 0.931743 0.00344207 
0.329912 3.6763e-11 3.58188e-06 0.000425047 6.83366e-05 0.932019 0.00346146 
0.329911 7.70989e-12 2.35201e-06 0.000257799 5.3346e-05 0.932186 0.00347659 
0.329911 1.61691e-12 1.54443e-06 0.000156359 4.16282e-05 0.932288 0.0034884 
0.329911 3.39096e-13 1.01414e-06 9.48348e-05 3.24741e-05 0.932349 0.00349762 
0.32991 7.11149e-14 6.65925e-07 5.7519e-05 2.53263e-05 0.932387 0.00350481 
0.32991 1.49141e-14 4.37274e-07 3.48863e-05 1.97475e-05 0.932409 0.00351041 
0.32991 3.12777e-15 2.87132e-07 2.11592e-05 1.53947e-05 0.932423 0.00351478 
0.32991 6.55952e-16 1.88543e-07 1.28334e-05 1.19994e-05 0.932431 0.00351819 
0.32991 1.37565e-16 1.23805e-07 7.7837e-06 9.35175e-06 0.932436 0.00352084 
0.32991 2.885e-17 8.12957e-08 4.72095e-06 7.28748e-06 0.932439 0.00352291 
0.32991 6.05039e-18 5.33822e-08 2.86334e-06 5.67834e-06 0.932441 0.00352452 
0.32991 1.26888e-18 3.5053e-08 1.73667e-06 4.42416e-06 0.932442 0.00352578 
0.32991 2.66108e-19 2.30172e-08 1.05332e-06 3.44677e-06 0.932443 0.00352676 
0.32991 5.58077e-20 1.51141e-08 6.38858e-07 2.68515e-06 0.932443 0.00352752 
0.32991 1.17039e-20 9.92453e-09 3.87479e-07 2.09173e-06 0.932444 0.00352812 
0.32991 2.45453e-21 6.51686e-09 2.35013e-07 1.62938e-06 0.932444 0.00352858 
0.32991 5.14761e-22 4.27924e-09 1.42539e-07 1.26919e-06 0.932444 0.00352894 
0.32991 1.07955e-22 2.80993e-09 8.64528e-08 9.88598e-07 0.932444 0.00352922 
0.32991 2.26402e-23 1.84512e-09 5.24351e-08 7.70019e-07 0.932444 0.00352944 
0.32991 4.74806e-24 1.21158e-09 3.18029e-08 5.99756e-07 0.932444 0.00352961 
0.32991 9.95758e-25 7.95575e-10 1.9289e-08 4.67133e-07 0.932444 0.00352974 
0.32991 2.08829e-25 5.22408e-10 1.16991e-08 3.63831e-07 0.932444 0.00352985 
0.32991 4.37953e-26 3.43035e-10 7.09573e-09 2.8337e-07 0.932444 0.00352993 
0.32991 9.1847e-27 2.25251e-10 4.30369e-09 2.20701e-07 0.932444 0.00352999 
0.32991 1.9262e-27 1.47909e-10 2.61026e-09 1.7189e-07 0.932444 0.00353004 
0.32991 4.03961e-28 9.71233e-11 1.58317e-09 1.33873e-07 0.932444 0.00353008 
0.32991 8.47181e-29 6.37752e-11 9.60222e-10 1.04264e-07 0.932444 0.0035301 
0.32991 1.7767e-29 4.18775e-11 5.82392e-10 8.1203e-08 0.932444 0.00353013 
0.32991 3.72606e-30 2.74985e-11 3.53231e-10 6.32424e-08 0.932444 0.00353015 
0.32991 7.81425e-31 1.80567e-11 2.14241e-10 4.92542e-08 0.932444 0.00353016 
0.32991 1.63879e-31 1.18568e-11 1.29941e-10 3.83598e-08 0.932444 0.00353017 
0.32991 3.43686e-32 7.78564e-12 7.88115e-11 2.98751e-08 0.932444 0.00353018 
0.32991 7.20773e-33 5.11238e-12 4.78006e-11 2.3267e-08 0.932444 0.00353019 
0.32991 1.5116e-33 3.357e-12 2.89919e-11 1.81205e-08 0.932444 0.00353019 
0.32991 3.1701e-34 2.20435e-12 1.75841e-11 1.41124e-08 0.932444 0.0035302 
0.32991 6.64828e-35 1.44747e-12 1.06651e-11 1.09908e-08 0.932444 0.0035302 
0.32991 1.39427e-35 9.50466e-13 6.46857e-12 8.5597e-09 0.932444 0.0035302 
0.32991 2.92404e-36 6.24116e-13 3.9233e-12 6.66633e-09 0.932444 0.0035302 
0.32991 6.13226e-37 4.09821e-13 2.37955e-12 5.19177e-09 0.932444 0.0035302 
0.32991 1.28605e-37 2.69105e-13 1.44324e-12 4.04337e-09 0.932444 0.00353021 
0.32991 2.69709e-38 1.76706e-13 8.75352e-13 3.14898e-09 0.932444 0.00353021 
0.32991 5.65629e-39 1.16032e-13 5.30917e-13 2.45244e-09 0.932444 0.00353021 
0.32991 1.18623e-39 7.61917e-14 3.2201e-13 1.90996e-09 0.932444 0.00353021 
0.32991 2.48775e-40 5.00306e-14 1.95305e-13 1.48748e-09 0.932444 0.00353021 
0.32991 5.21727e-41 3.28522e-14 1.18456e-13 1.15845e-09 0.932444 0.00353021 
0.32991 1.09416e-41 2.15721e-14 7.18457e-14 9.02206e-10 0.932444 0.00353021 
0.32991 2.29465e-42 1.41652e-14 4.35757e-14 7.02639e-10 0.932444 0.00353021 
0.32991 4.81232e-43 9.30144e-15 2.64294e-14 5.47217e-10 0.932444 0.00353021 
0.32991 1.00923e-43 6.10771e-15 1.60299e-14 4.26173e-10 0.932444 0.00353021 
0.32991 2.11655e-44 4.01058e-15 9.72244e-15 3.31904e-10 0.932444 0.00353021 
0.32991 4.4388e-45 2.63351e-15 5.89684e-15 2.58487e-10 0.932444 0.00353021 
0.32991 9.30899e-46 1.72927e-15 3.57654e-15 2.0131e-10 0.932444 0.00353021 
0.32991 1.95227e-46 1.13551e-15 2.16923e-15 1.5678e-10 0.932444 0.00353021 
0.32991 4.09427e-47 7.45626e-16 1.31568e-15 1.22101e-10 0.932444 0.00353021 
0.32991 8.58645e-48 4.89609e-16 7.97983e-16 9.50921e-11 0.932444 0.00353021 
0.32991 1.80074e-48 3.21498e-16 4.83991e-16 7.40578e-11 0.932444 0.00353021 
0.32991 3.77649e-49 2.11109e-16 2.93549e-16 5.76763e-11 0.932444 0.00353021 
0.32991 7.92e-50 1.38623e-16 1.78043e-16 4.49183e-11 0.932444 0.00353021 
0.32991 1.66097e-50 9.10256e-17 1.07986e-16 3.49824e-11 0.932444 0.00353021 
0.32991 3.48337e-51 5.97712e-17 6.54956e-17 2.72443e-11 0.932444 0.00353021 
0.32991 7.30527e-52 3.92483e-17 3.97242e-17 2.12179e-11 0.932444 0.00353021 
0.32991 1.53205e-52 2.5772e-17 2.40935e-17 1.65245e-11 0.932444 0.00353021 
0.32991 3.213e-53 1.6923e-17 1.46131e-17 1.28693e-11 0.932444 0.00353021 
0.32991 6.73825e-54 1.11123e-17 8.86312e-18 1.00226e-11 0.932444 0.00353021 
0.32991 1.41314e-54 7.29683e-18 5.37564e-18 7.80562e-12 0.932444 0.00353021 
0.32991 2.96361e-55 4.7914e-18 3.26042e-18 6.07903e-12 0.932444 0.00353021 
0.32991 6.21525e-56 3.14624e-18 1.9775e-18 4.73435e-12 0.932444 0.00353021 
0.32991 1.30345e-56 2.06595e-18 1.19939e-18 3.68711e-12 0.932444 0.00353021 
0.32991 2.73359e-57 1.35659e-18 7.27452e-19 2.87153e-12 0.932444 0.00353021 
0.32991 5.73284e-58 8.90793e-19 4.41213e-19 2.23635e-12 0.932444 0.00353021 
0.32991 1.20228e-58 5.84932e-19 2.67604e-19 1.74167e-12 0.932444 0.00353021 
0.32991 2.52141e-59 3.84091e-19 1.62306e-19 1.35641e-12 0.932444 0.00353021 
0.32991 5.28787e-60 2.5221e-19 9.84417e-20 1.05637e-12 0.932444 0.00353021 
0.32991 1.10897e-60 1.65612e-19 5.97067e-20 8.22705e-13 0.932444 0.00353021 
0.32991 2.32571e-61 1.08747e-19 3.62132e-20 6.40723e-13 0.932444 0.00353021 
0.32991 4.87744e-62 7.14081e-20 2.19639e-20 4.98996e-13 0.932444 0.00353021 
0.32991 1.02289e-62 4.68896e-20 1.33215e-20 3.88618e-13 0.932444 0.00353021 
0.32991 2.14519e-63 3.07896e-20 8.07974e-21 3.02656e-13 0.932444 0.00353021 
0.32991 4.49887e-64 2.02178e-20 4.90051e-21 2.35709e-13 0.932444 0.00353021 
0.32991 9.43497e-65 1.32758e-20 2.97225e-21 1.8357e-13 0.932444 0.00353021 
0.32991 1.97869e-65 8.71746e-21 1.80272e-21 1.42964e-13 0.932444 0.00353021 
0.32991 4.14968e-66 5.72425e-21 1.09338e-21 1.11341e-13 0.932444 0.00353021 
0.32991 8.70265e-67 3.75878e-21 6.63156e-22 8.67123e-14 0.932444 0.00353021 
