1 0.001 0 0.001 0 0 0 
0.983692 0.0677929 0 0.078048 0 0.000185765 0 
0.677138 0.485836 0 0.762199 0 0.00423706 0 
0.301939 0.249408 0 0.929487 0 0.0129926 0 
0.138005 0.0995098 0 0.949995 0 0.022423 0 
0.073664 0.0385313 0 0.949345 0 0.0319276 0 
0.048851 0.0148025 0 0.942975 0 0.0413917 0 
0.0393311 0.00567123 0 0.934731 0 0.0507811 0 
0.0356852 0.00217042 0 0.92586 0 0.0600843 0 
0.0342899 0.000830078 0 0.916811 0 0.0692977 0 
0.0337564 0.000317543 0 0.907751 0 0.0784205 0 
0.0335521 0.000121303 0 0.898743 0 0.0874529 0 
0.0334741 4.63376e-05 0 0.889809 0 0.0963956 0 
0.0334443 1.77007e-05 0 0.880959 0 0.105249 0 
0.0334329 6.76157e-06 0 0.872195 0 0.114015 0 
0.0334286 2.58288e-06 0 0.863517 0 0.122694 0 
0.0334269 9.86643e-07 0 0.854925 0 0.131286 0 
0.0334263 3.76891e-07 0 0.846418 0 0.139792 0 
0.033426 1.4397e-07 0 0.837996 0 0.148214 0 
0.0334259 5.49956e-08 0 0.829658 0 0.156553 0 
0.0334259 2.10079e-08 0 0.821403 0 0.164808 0 
0.0334259 8.0249e-09 0 0.81323 0 0.172981 0 
0.0334259 3.06546e-09 0 0.805138 0 0.181073 0 
0.0334259 1.17098e-09 0 0.797127 0 0.189084 0 
0.0334259 4.47309e-10 0 0.789195 0 0.197015 0 
0.0334259 1.70869e-10 0 0.781343 0 0.204868 0 
0.0334259 6.52708e-11 0 0.773568 0 0.212643 0 
0.0334259 2.4933e-11 0 0.765871 0 0.22034 0 
0.0334259 9.52425e-12 0 0.75825 0 0.22796 0 
0.0334259 3.6382e-12 0 0.750706 0 0.235505 0 
0.0334259 1.38977e-12 0 0.743236 0 0.242975 0 
0.0334259 5.30883e-13 0 0.735841 0 0.25037 0 
0.0334259 2.02794e-13 0 0.728519 0 0.257692 0 
0.0334259 7.74658e-14 0 0.72127 0 0.264941 0 
0.0334259 2.95914e-14 0 0.714093 0 0.272117 0 
0.0334259 1.13037e-14 0 0.706988 0 0.279223 0 
0.0334259 4.31795e-15 0 0.699953 0 0.286257 0 
0.0334259 1.64943e-15 0 0.692989 0 0.293222 0 
0.0334259 6.30071e-16 0 0.686093 0 0.300117 0 
0.0334259 2.40683e-16 0 0.679267 0 0.306944 0 
0.0334259 9.19394e-17 0 0.672508 0 0.313703 0 
0.0334259 3.51202e-17 0 0.665816 0 0.320394 0 
0.0334259 1.34157e-17 0 0.659191 0 0.327019 0 
0.0334259 5.12471e-18 0 0.652632 0 0.333578 0 
0.0334259 1.9576e-18 0 0.646138 0 0.340072 0 
0.0334259 7.47792e-19 0 0.639709 0 0.346501 0 
0.0334259 2.85652e-19 0 0.633344 0 0.352867 0 
0.0334259 1.09117e-19 0 0.627042 0 0.359169 0 
0.0334259 4.1682e-20 0 0.620803 0 0.365408 0 
0.0334259 1.59223e-20 0 0.614626 0 0.371585 0 
0.0334259 6.0822e-21 0 0.60851 0 0.3777 0 
0.0334259 2.32336e-21 0 0.602455 0 0.383755 0 
0.0334259 8.87508e-22 0 0.596461 0 0.38975 0 
0.0334259 3.39022e-22 0 0.590526 0 0.395685 0 
0.0334259 1.29504e-22 0 0.58465 0 0.40156 0 
0.0334259 4.94698e-23 0 0.578833 0 0.407378 0 
0.0334259 1.88971e-23 0 0.573073 0 0.413137 0 
0.0334259 7.21858e-24 0 0.567371 0 0.418839 0 
0.0334259 2.75745e-24 0 0.561726 0 0.424485 0 
0.0334259 1.05333e-24 0 0.556136 0 0.430074 0 
0.0334259 4.02364e-25 0 0.550603 0 0.435608 0 
0.0334259 1.537e-25 0 0.545124 0 0.441086 0 
0.0334259 5.87126e-26 0 0.5397 0 0.44651 0 
0.0334259 2.24278e-26 0 0.53433 0 0.451881 0 
0.0334259 8.56728e-27 0 0.529013 0 0.457197 0 
0.0334259 3.27264e-27 0 0.52375 0 0.462461 0 
0.0334259 1.25013e-27 0 0.518538 0 0.467672 0 
0.0334259 4.77541e-28 0 0.513379 0 0.472832 0 
0.0334259 1.82417e-28 0 0.50827 0 0.47794 0 
0.0334259 6.96823e-29 0 0.503213 0 0.482998 0 
0.0334259 2.66182e-29 0 0.498206 0 0.488005 0 
0.0334259 1.0168e-29 0 0.493249 0 0.492962 0 
0.0334259 3.8841e-30 0 0.488341 0 0.49787 0 
0.0334259 1.4837e-30 0 0.483482 0 0.502729 0 
0.0334259 5.66763e-31 0 0.478671 0 0.50754 0 
0.0334259 2.165e-31 0 0.473908 0 0.512302 0 
0.0334259 8.27015e-32 0 0.469193 0 0.517018 0 
0.0334259 3.15914e-32 0 0.464524 0 0.521686 0 
0.0334259 1.20677e-32 0 0.459902 0 0.526309 0 
0.0334259 4.60979e-33 0 0.455326 0 0.530885 0 
0.0334259 1.76091e-33 0 0.450795 0 0.535415 0 
0.0334259 6.72656e-34 0 0.44631 0 0.539901 0 
0.0334259 2.5695e-34 0 0.441869 0 0.544342 0 
0.0334259 9.81533e-35 0 0.437472 0 0.548738 0 
0.0334259 3.74939e-35 0 0.43312 0 0.553091 0 
0.0334259 1.43224e-35 0 0.42881 0 0.557401 0 
0.0334259 5.47107e-36 0 0.424543 0 0.561667 0 
0.0334259 2.08991e-36 0 0.420319 0 0.565892 0 
0.0334259 7.98333e-37 0 0.416137 0 0.570074 0 
0.0334259 3.04958e-37 0 0.411996 0 0.574215 0 
0.0334259 1.16492e-37 0 0.407897 0 0.578314 0 
0.0334259 4.44992e-38 0 0.403838 0 0.582373 0 
0.0334259 1.69984e-38 0 0.39982 0 0.586391 0 
0.0334259 6.49327e-39 0 0.395841 0 0.590369 0 
0.0334259 2.48039e-39 0 0.391903 0 0.594308 0 
0.0334259 9.47492e-40 0 0.388003 0 0.598207 0 
0.0334259 3.61936e-40 0 0.384143 0 0.602068 0 
0.0334259 1.38257e-40 0 0.38032 0 0.60589 0 
0.0334259 5.28133e-41 0 0.376536 0 0.609675 0 
0.0334259 2.01743e-41 0 0.372789 0 0.613421 0 
