1 0.001 0.001 0.001 0.001 0 0 0 0 
0.997454 0.00316525 0.00183805 0.00362296 0.00199104 0.00851792 0.000362336 0.0111409 0.00135338 
0.990286 0.00863464 0.00329575 0.00995823 0.00369621 0.0340578 0.00105499 0.043016 0.0037512 
0.974245 0.0164536 0.0055664 0.0193166 0.00638289 0.0928833 0.00229323 0.1112 0.00767612 
0.951433 0.0173617 0.00851959 0.0210474 0.0100063 0.177966 0.00432534 0.198013 0.0133316 
0.932519 0.0102871 0.0118438 0.0129253 0.0142988 0.24734 0.00735123 0.259265 0.02065 
0.921424 0.00424349 0.0155007 0.00547683 0.0192111 0.28282 0.0115259 0.287297 0.029737 
0.914769 0.00143926 0.019636 0.00189044 0.024878 0.296478 0.0170198 0.297368 0.0408978 
0.909369 0.000428794 0.0243461 0.000571305 0.0314101 0.300931 0.0240373 0.300502 0.0544473 
0.903694 0.000113544 0.0296032 0.000153402 0.0388058 0.302215 0.0327972 0.301368 0.070603 
0.897141 2.62951e-05 0.0352442 3.62702e-05 0.0469188 0.302544 0.0435004 0.30158 0.0894192 
0.889502 5.29211e-06 0.040975 7.41219e-06 0.0554446 0.302618 0.0562914 0.301625 0.110736 
0.880752 8.09317e-07 0.0463957 1.26565e-06 0.0639313 0.302632 0.0712197 0.301634 0.134151 
0.870991 9.09691e-08 0.0510547 -3.97394e-09 0.0718262 0.302635 0.0882078 0.301635 0.159034 
0.860409 6.16438e-09 0.054529 2.3007e-07 0.0785584 0.302635 0.107036 0.301635 0.184594 
0.849279 1.05811e-10 0.0565086 -3.44521e-07 0.083636 0.302635 0.127349 0.301635 0.209985 
0.837915 -4.34188e-12 0.0568576 5.39133e-07 0.086731 0.302634 0.148688 0.301635 0.234419 
0.826641 4.66807e-13 0.0556309 -8.4327e-07 0.0877247 0.302636 0.170538 0.301635 0.257263 
0.815754 -8.47434e-14 0.053045 1.31896e-06 0.0867035 0.302634 0.192382 0.301635 0.278085 
0.805493 2.21215e-14 0.0494188 -2.06299e-06 0.0839159 0.302637 0.213743 0.301635 0.296659 
0.796032 -7.59014e-15 0.0451074 3.22673e-06 0.0797105 0.302632 0.234222 0.301635 0.312932 
0.787473 3.22325e-15 0.0404472 -5.04694e-06 0.0744732 0.30264 0.253512 0.301635 0.326985 
0.779857 -1.82704e-16 0.035721 1.19821e-06 0.0685783 0.302634 0.271403 0.301635 0.338982 
0.773174 7.98449e-18 0.0311429 -2.03143e-07 0.0623562 0.302635 0.287774 0.301635 0.34913 
0.76738 -5.12922e-18 0.0268589 3.17736e-07 0.0560776 0.302635 0.302577 0.301635 0.357655 
0.762405 3.59874e-18 0.0229554 -4.96972e-07 0.0499502 0.302635 0.315826 0.301635 0.364776 
0.75817 -2.71185e-18 0.019472 7.77316e-07 0.0441221 0.302634 0.327577 0.301635 0.370699 
0.754588 2.16545e-18 0.0164145 -1.2158e-06 0.0386906 0.302636 0.33792 0.301635 0.37561 
0.751577 -1.81251e-18 0.0137658 1.90164e-06 0.0337113 0.302633 0.34696 0.301635 0.379672 
0.749057 1.57635e-18 0.0114956 -2.97436e-06 0.0292081 0.302638 0.354815 0.301635 0.383023 
0.746956 -1.41442e-18 0.00956619 4.6522e-06 0.0251811 0.30263 0.361604 0.301635 0.385785 
0.74521 2.23089e-19 0.00793771 -1.28305e-06 0.021614 0.302636 0.367444 0.301635 0.388058 
0.743763 -1.86004e-20 0.00657087 1.93785e-07 0.0184798 0.302635 0.372447 0.301635 0.389927 
0.742567 1.77774e-20 0.00542883 -3.03099e-07 0.015745 0.302635 0.376717 0.301635 0.391462 
0.741579 -1.72276e-20 0.00447813 4.74078e-07 0.013373 0.302634 0.38035 0.301635 0.392723 
0.740765 1.68846e-20 0.00368909 -7.41506e-07 0.0113264 0.302636 0.383431 0.301635 0.393757 
0.740094 -1.67022e-20 0.00303581 1.15979e-06 0.00956876 0.302634 0.386037 0.301635 0.394606 
0.739543 1.6647e-20 0.00249602 -1.81403e-06 0.00806534 0.302637 0.388236 0.301635 0.395302 
0.73909 -1.6695e-20 0.00205073 2.83733e-06 0.006784 0.302632 0.390088 0.301635 0.395872 
0.738717 1.6828e-20 0.00168388 -4.43788e-06 0.00569544 0.302639 0.391645 0.301635 0.39634 
0.738412 -3.23735e-21 0.00138199 1.33445e-06 0.0047733 0.302634 0.39295 0.301635 0.396723 
0.738161 2.76618e-22 0.00113377 -1.87712e-07 0.00399416 0.302635 0.394043 0.301635 0.397037 
0.737955 -2.81708e-22 0.000929836 2.93601e-07 0.00333736 0.302635 0.394957 0.301635 0.397295 
0.737787 2.87542e-22 0.000762378 -4.59221e-07 0.00278488 0.302635 0.39572 0.301635 0.397505 
0.737648 -2.94044e-22 0.000624942 7.18269e-07 0.00232102 0.302634 0.396357 0.301635 0.397678 
0.737535 3.0115e-22 0.00051219 -1.12345e-06 0.00193224 0.302636 0.396887 0.301635 0.397819 
0.737442 -3.08812e-22 0.00041972 1.75719e-06 0.00160692 0.302633 0.397328 0.301635 0.397935 
0.737366 3.16991e-22 0.000343903 -2.74842e-06 0.00133509 0.302638 0.397695 0.301635 0.39803 
0.737304 -3.25659e-22 0.000281753 4.29881e-06 0.00110825 0.302631 0.398 0.301635 0.398108 
0.737253 6.77038e-23 0.000230817 -1.37015e-06 0.000919197 0.302636 0.398252 0.301635 0.398172 
0.737211 -5.56435e-24 0.000189076 1.83316e-07 0.000761809 0.302635 0.398462 0.301635 0.398224 
0.737176 5.72624e-24 0.000154876 -2.86725e-07 0.00063092 0.302635 0.398636 0.301635 0.398266 
0.737148 -5.89505e-24 0.000126856 4.48468e-07 0.000522173 0.302635 0.398779 0.301635 0.398301 
0.737125 6.07071e-24 0.000103902 -7.01449e-07 0.000431902 0.302636 0.398898 0.301635 0.39833 
0.737107 -6.25316e-24 8.50984e-05 1.09714e-06 0.000357031 0.302634 0.398996 0.301635 0.398353 
0.737091 6.44243e-24 6.96963e-05 -1.71604e-06 0.00029498 0.302637 0.399078 0.301635 0.398373 
0.737078 -6.63855e-24 5.70807e-05 2.68406e-06 0.00024359 0.302632 0.399145 0.301635 0.398388 
0.737068 6.84159e-24 4.67478e-05 -4.19814e-06 0.000201058 0.302639 0.3992 0.301635 0.398401 
0.73706 -1.49158e-24 3.8285e-05 1.39727e-06 0.000165879 0.302634 0.399246 0.301635 0.398412 
0.737053 1.17743e-25 3.13538e-05 -1.79881e-07 0.000136799 0.302635 0.399284 0.301635 0.39842 
0.737047 -1.21379e-25 2.56772e-05 2.81352e-07 0.000112773 0.302635 0.399315 0.301635 0.398428 
0.737042 1.25134e-25 2.10283e-05 -4.40064e-07 9.29325e-05 0.302635 0.39934 0.301635 0.398433 
0.737039 -1.29012e-25 1.72209e-05 6.88305e-07 7.65564e-05 0.302634 0.399362 0.301635 0.398438 
0.737035 1.33015e-25 1.41028e-05 -1.07658e-06 6.30458e-05 0.302636 0.399379 0.301635 0.398442 
0.737033 -1.37148e-25 1.15493e-05 1.68388e-06 5.19037e-05 0.302633 0.399393 0.301635 0.398445 
0.737031 1.41413e-25 9.45804e-06 -2.63376e-06 4.27186e-05 0.302638 0.399405 0.301635 0.398448 
0.737029 -1.45814e-25 7.74545e-06 4.11948e-06 3.51495e-05 0.302631 0.399415 0.301635 0.39845 
0.737028 3.29568e-26 6.34296e-06 -1.41926e-06 2.89142e-05 0.302636 0.399423 0.301635 0.398452 
0.737026 -2.51189e-27 5.1944e-06 1.77035e-07 2.37793e-05 0.302635 0.399429 0.301635 0.398453 
0.737026 2.59019e-27 4.25382e-06 -2.769e-07 1.9552e-05 0.302635 0.399435 0.301635 0.398454 
0.737025 -2.67095e-27 3.48355e-06 4.331e-07 1.60727e-05 0.302635 0.399439 0.301635 0.398455 
0.737024 2.75425e-27 2.85276e-06 -6.77414e-07 1.32099e-05 0.302636 0.399443 0.301635 0.398456 
0.737024 -2.84017e-27 2.33618e-06 1.05954e-06 1.0855e-05 0.302634 0.399446 0.301635 0.398457 
0.737023 2.92879e-27 1.91315e-06 -1.65724e-06 8.91827e-06 0.302637 0.399448 0.301635 0.398457 
0.737023 -3.02019e-27 1.56672e-06 2.59209e-06 7.32587e-06 0.302632 0.39945 0.301635 0.398458 
0.737023 3.11445e-27 1.28301e-06 -4.05429e-06 6.01683e-06 0.302639 0.399452 0.301635 0.398458 
0.737022 -7.25374e-28 1.05069e-06 1.43805e-06 4.94096e-06 0.302634 0.399453 0.301635 0.398458 
0.737022 4.78114e-29 8.60427e-07 -1.57906e-07 4.05689e-06 0.302635 0.399454 0.301635 0.398458 
0.737022 -4.9304e-29 7.0462e-07 2.46981e-07 3.33055e-06 0.302635 0.399455 0.301635 0.398459 
0.737022 5.08433e-29 5.77027e-07 -3.86304e-07 2.7339e-06 0.302635 0.399456 0.301635 0.398459 
0.737022 -5.24307e-29 4.72538e-07 6.04219e-07 2.24387e-06 0.302634 0.399457 0.301635 0.398459 
0.737022 5.40677e-29 3.8697e-07 -9.45061e-07 1.84146e-06 0.302636 0.399457 0.301635 0.398459 
0.737022 -5.57559e-29 3.16897e-07 1.47817e-06 1.51105e-06 0.302633 0.399458 0.301635 0.398459 
0.737022 5.74968e-29 2.59513e-07 -2.31201e-06 1.2398e-06 0.302637 0.399458 0.301635 0.398459 
0.737021 -5.92922e-29 2.1252e-07 3.61623e-06 1.01715e-06 0.302631 0.399458 0.301635 0.398459 
0.737021 1.70885e-29 1.74036e-07 -1.57969e-06 8.34402e-07 0.302637 0.399459 0.301635 0.398459 
0.737021 -7.70724e-32 1.42522e-07 3.43726e-08 6.84428e-07 0.302635 0.399459 0.301635 0.398459 
0.737021 7.94791e-32 1.16714e-07 -5.37623e-08 5.61365e-07 0.302635 0.399459 0.301635 0.398459 
0.737021 -8.1961e-32 9.55789e-08 8.40897e-08 4.60392e-07 0.302635 0.399459 0.301635 0.398459 
0.737021 8.45204e-32 7.82713e-08 -1.31525e-07 3.77553e-07 0.302635 0.399459 0.301635 0.398459 
0.737021 -8.71597e-32 6.40978e-08 2.05719e-07 3.09598e-07 0.302635 0.399459 0.301635 0.398459 
0.737021 8.98815e-32 5.24909e-08 -3.21765e-07 2.53857e-07 0.302635 0.399459 0.301635 0.398459 
0.737021 -9.26882e-32 4.29857e-08 5.03273e-07 2.08138e-07 0.302634 0.399459 0.301635 0.39846 
0.737021 9.55827e-32 3.52018e-08 -7.87171e-07 1.70643e-07 0.302636 0.399459 0.301635 0.39846 
0.737021 -9.85675e-32 2.88274e-08 1.23122e-06 1.39895e-07 0.302634 0.399459 0.301635 0.39846 
0.737021 1.01646e-31 2.36073e-08 -1.92575e-06 1.1468e-07 0.302637 0.399459 0.301635 0.39846 
0.737021 -1.0482e-31 1.93324e-08 3.01207e-06 9.4006e-08 0.302632 0.399459 0.301635 0.39846 
0.737021 1.08093e-31 1.58317e-08 -4.71118e-06 7.7055e-08 0.30264 0.399459 0.301635 0.39846 
0.737021 -1.89406e-32 1.29649e-08 1.26961e-06 6.31576e-08 0.302634 0.399459 0.301635 0.39846 
0.737021 1.82327e-33 1.06172e-08 -1.95323e-07 5.17644e-08 0.302635 0.399459 0.301635 0.39846 
